# Created by Octave 4.4.1, Mon Nov 05 13:20:26 2018 GMT <unknown@DESKTOP-REF5EJU>
# name: IH_wts
# type: global matrix
# rows: 11
# columns: 4
 0.18860086260143838 0.39357861333202659 -0.42104614908311228 -0.35555772083072651
 0.46416043916991689 0.25532090080231107 -0.00063778422525423428 -0.12646989687819016
 0.11130173432588852 -0.40904773375582798 -0.43482535527973459 -0.23400428779414856
 0.030876504312711162 -0.43714553769711856 -0.49131724620913048 0.14369198318225507
 -0.49893366411157108 -0.46216403769479758 -0.29710435213454606 0.039242840068511087
 0.021976763233633734 -0.31912786955913047 0.34513629172171589 0.23325779050946116
 0.43684160550194773 0.37536829294373875 -0.28687149671753026 0.4072868664087147
 -0.089390412184979284 -0.30878890135440146 -0.43960581369614055 0.48277897013350646
 -0.41099571120043471 -0.3721491148311416 -0.33528659940416078 -0.43366523827662945
 -0.10173800357552915 -0.48522705939197147 0.23248302281873501 0.33648399433143095
 -0.28327604685050928 -0.18121238022184455 0.48420162662667554 -0.041434004158294735


# name: IH_dwts
# type: global matrix
# rows: 11
# columns: 4
 0 0 0 0
 0 0 0 0
 0 0 0 0
 0 0 0 0
 0 0 0 0
 0 0 0 0
 0 0 0 0
 0 0 0 0
 0 0 0 0
 0 0 0 0
 0 0 0 0


# name: HO_wts
# type: global matrix
# rows: 5
# columns: 10
 -0.0010277029368191415 -0.20982550688825302 -0.35497478127280185 -0.17444851356379026 -0.0079856076622443761 -0.090715660798396269 0.48066012195206986 -0.19802894437452928 -0.29232647381345561 0.42591325279508696
 -0.24454473129061621 0.42358339278217261 0.062554213893156629 0.39144131157781159 -0.43862795507094371 -0.47100539847681638 0.13958788640336872 0.4283513635446129 0.47102667792597064 0.30472266288532079
 -0.27377250685175131 0.089192028603901741 -0.028388293027689804 0.089397126470612265 -0.28274002078535304 0.1112885008230855 0.2143352521015478 -0.43157261763783833 -0.088195190501637322 0.33529463862882913
 0.014594120100296148 -0.054161723215967628 0.33298197760152504 0.1787205820352834 -0.23167155194041594 -0.052060394992797965 -0.19533757042443972 -0.0062228959407792384 -0.36724553690719525 -0.26875399602314926
 -0.44498806676793029 -0.10615213283422192 -0.44305908243644315 -0.096650321956044782 -0.20940281505801234 0.4655519090558472 0.08486218049625105 0.16715966442889463 0.20091403304584132 0.46875716078959917


# name: HO_dwts
# type: global matrix
# rows: 5
# columns: 10
 0 0 0 0 0 0 0 0 0 0
 0 0 0 0 0 0 0 0 0 0
 0 0 0 0 0 0 0 0 0 0
 0 0 0 0 0 0 0 0 0 0
 0 0 0 0 0 0 0 0 0 0


# name: Old_IH_dwts
# type: global matrix
# rows: 11
# columns: 4
 0 0 0 0
 0 0 0 0
 0 0 0 0
 0 0 0 0
 0 0 0 0
 0 0 0 0
 0 0 0 0
 0 0 0 0
 0 0 0 0
 0 0 0 0
 0 0 0 0


# name: Old_HO_dwts
# type: global matrix
# rows: 5
# columns: 10
 0 0 0 0 0 0 0 0 0 0
 0 0 0 0 0 0 0 0 0 0
 0 0 0 0 0 0 0 0 0 0
 0 0 0 0 0 0 0 0 0 0
 0 0 0 0 0 0 0 0 0 0


